Waveforms: Sine
Frequency(Hz): 2.000000
Amplitude: 2.300000