Waveforms: 1
Frequency(Hz): 3.399999
Amplitude: 50.000000