Waveforms: 1
Frequency(Hz): 0.100000
Amplitude: 50.000000