Waveforms: 4
Frequency(Hz): 1.000000
Amplitude: 28.000000