Waveforms: 4
Frequency(Hz): 2.000000
Amplitude: 28.000000