Waveforms: 1
Frequency(Hz): 6.199996
Amplitude: 50.000000