Waveforms: 4
Frequency(Hz): 10.000002
Amplitude: 100.000000