Waveforms: 1
Frequency(Hz): 1.000000
Amplitude: 10.000000