Waveforms: 1
Frequency(Hz): 0.600000
Amplitude: 50.000000